# Created by Octave 6.2.0, Sat Jan 21 21:34:18 2023 IST <nishitpoddar@NISHITs-MacBook-Air-2.local>
# name: v
# type: matrix
# rows: 1
# columns: 10
 2104 1600 2400 1416 3000 1985 1534 1427 1380 1494


